Type: Vec3d
Number of frame: 271
Number of effector: 1
KeyFrames: 30 60 90 120 150 180 270 210
0.0367135 0.177428 5.07431 
-0.0253179 0.172426 5.03865 
-0.0873493 0.167424 5.003 
-0.149381 0.162422 4.96734 
-0.211412 0.15742 4.93168 
-0.273444 0.152418 4.89603 
-0.335475 0.147416 4.86037 
-0.397506 0.142414 4.82471 
-0.459538 0.137412 4.78906 
-0.521569 0.13241 4.7534 
-0.583601 0.127408 4.71775 
-0.645632 0.122406 4.68209 
-0.707663 0.117404 4.64643 
-0.769695 0.112401 4.61078 
-0.831726 0.107399 4.57512 
-0.893758 0.102397 4.53946 
-0.955789 0.0973954 4.50381 
-1.01782 0.0923933 4.46815 
-1.07985 0.0873913 4.43249 
-1.14188 0.0823893 4.39684 
-1.20391 0.0773872 4.36118 
-1.26595 0.0723852 4.32552 
-1.32798 0.0673831 4.28987 
-1.39001 0.0623811 4.25421 
-1.45204 0.0573791 4.21856 
-1.51407 0.052377 4.1829 
-1.5761 0.047375 4.14724 
-1.63813 0.042373 4.11159 
-1.70017 0.0373709 4.07593 
-1.7622 0.0323689 4.04027 
-1.82423 0.0273668 4.00462 
-1.77541 0.0279597 4.02935 
-1.7266 0.0285525 4.05407 
-1.67779 0.0291453 4.0788 
-1.62897 0.0297381 4.10353 
-1.58016 0.0303309 4.12826 
-1.53134 0.0309238 4.15299 
-1.48253 0.0315166 4.17772 
-1.43372 0.0321094 4.20245 
-1.3849 0.0327022 4.22718 
-1.33609 0.033295 4.25191 
-1.28728 0.0338879 4.27664 
-1.23846 0.0344807 4.30136 
-1.18965 0.0350735 4.32609 
-1.14083 0.0356663 4.35082 
-1.09202 0.0362591 4.37555 
-1.04321 0.036852 4.40028 
-0.994392 0.0374448 4.42501 
-0.945578 0.0380376 4.44974 
-0.896764 0.0386304 4.47447 
-0.84795 0.0392232 4.4992 
-0.799136 0.0398161 4.52393 
-0.750322 0.0404089 4.54866 
-0.701508 0.0410017 4.57338 
-0.652694 0.0415945 4.59811 
-0.60388 0.0421873 4.62284 
-0.555066 0.0427802 4.64757 
-0.506252 0.043373 4.6723 
-0.457438 0.0439658 4.69703 
-0.408624 0.0445586 4.72176 
-0.35981 0.0451514 4.74649 
-0.308583 0.0445902 4.72379 
-0.257356 0.0440289 4.7011 
-0.206128 0.0434676 4.67841 
-0.154901 0.0429064 4.65571 
-0.103674 0.0423451 4.63302 
-0.0524463 0.0417838 4.61032 
-0.00121896 0.0412226 4.58763 
0.0500084 0.0406613 4.56494 
0.101236 0.0401 4.54224 
0.152463 0.0395388 4.51955 
0.20369 0.0389775 4.49685 
0.254918 0.0384162 4.47416 
0.306145 0.037855 4.45147 
0.357373 0.0372937 4.42877 
0.4086 0.0367324 4.40608 
0.459827 0.0361711 4.38339 
0.511055 0.0356099 4.36069 
0.562282 0.0350486 4.338 
0.613509 0.0344873 4.3153 
0.664737 0.0339261 4.29261 
0.715964 0.0333648 4.26992 
0.767191 0.0328035 4.24722 
0.818419 0.0322423 4.22453 
0.869646 0.031681 4.20183 
0.920873 0.0311197 4.17914 
0.972101 0.0305585 4.15645 
1.02333 0.0299972 4.13375 
1.07456 0.0294359 4.11106 
1.12578 0.0288747 4.08836 
1.17701 0.0283134 4.06567 
1.14343 0.0287592 4.08707 
1.10985 0.0292049 4.10847 
1.07628 0.0296507 4.12987 
1.0427 0.0300965 4.15127 
1.00912 0.0305423 4.17267 
0.975543 0.030988 4.19408 
0.941965 0.0314338 4.21548 
0.908387 0.0318796 4.23688 
0.87481 0.0323253 4.25828 
0.841232 0.0327711 4.27968 
0.807654 0.0332169 4.30108 
0.774076 0.0336627 4.32248 
0.740498 0.0341084 4.34388 
0.70692 0.0345542 4.36528 
0.673342 0.035 4.38668 
0.639765 0.0354457 4.40808 
0.606187 0.0358915 4.42948 
0.572609 0.0363373 4.45088 
0.539031 0.0367831 4.47229 
0.505453 0.0372288 4.49369 
0.471875 0.0376746 4.51509 
0.438297 0.0381204 4.53649 
0.40472 0.0385661 4.55789 
0.371142 0.0390119 4.57929 
0.337564 0.0394577 4.60069 
0.303986 0.0399035 4.62209 
0.270408 0.0403492 4.64349 
0.23683 0.040795 4.66489 
0.203253 0.0412408 4.68629 
0.169675 0.0416865 4.70769 
0.165019 0.0405133 4.73589 
0.160363 0.03934 4.76409 
0.155708 0.0381667 4.79229 
0.151052 0.0369934 4.8205 
0.146396 0.0358202 4.8487 
0.14174 0.0346469 4.8769 
0.137085 0.0334736 4.9051 
0.132429 0.0323003 4.9333 
0.127773 0.031127 4.9615 
0.123118 0.0299538 4.9897 
0.118462 0.0287805 5.0179 
0.113806 0.0276072 5.0461 
0.109151 0.0264339 5.0743 
0.104495 0.0252606 5.1025 
0.0998393 0.0240874 5.1307 
0.0951836 0.0229141 5.1589 
0.0905279 0.0217408 5.1871 
0.0858722 0.0205675 5.2153 
0.0812165 0.0193942 5.2435 
0.0765608 0.018221 5.2717 
0.0719051 0.0170477 5.2999 
0.0672494 0.0158744 5.3281 
0.0625937 0.0147011 5.3563 
0.057938 0.0135278 5.3845 
0.0532823 0.0123546 5.4127 
0.0486266 0.0111813 5.4409 
0.043971 0.010008 5.4691 
0.0393153 0.00883472 5.4973 
0.0346596 0.00766145 5.5255 
0.0300039 0.00648817 5.5537 
0.0303996 0.00802621 5.53448 
0.0307954 0.00956425 5.51525 
0.0311911 0.0111023 5.49603 
0.0315869 0.0126403 5.47681 
0.0319826 0.0141784 5.45759 
0.0323784 0.0157164 5.43837 
0.0327742 0.0172545 5.41915 
0.0331699 0.0187925 5.39992 
0.0335657 0.0203305 5.3807 
0.0339614 0.0218686 5.36148 
0.0343572 0.0234066 5.34226 
0.0347529 0.0249447 5.32304 
0.0351487 0.0264827 5.30382 
0.0355444 0.0280207 5.28459 
0.0359402 0.0295588 5.26537 
0.036336 0.0310968 5.24615 
0.0367317 0.0326349 5.22693 
0.0371275 0.0341729 5.20771 
0.0375232 0.0357109 5.18848 
0.037919 0.037249 5.16926 
0.0383147 0.038787 5.15004 
0.0387105 0.0403251 5.13082 
0.0391062 0.0418631 5.1116 
0.039502 0.0434012 5.09238 
0.0398978 0.0449392 5.07315 
0.0402935 0.0464772 5.05393 
0.0406893 0.0480153 5.03471 
0.041085 0.0495533 5.01549 
0.0414808 0.0510914 4.99627 
0.0418765 0.0526294 4.97704 
0.0418765 0.0526294 4.97704 
0.0418765 0.0526294 4.97704 
0.0418765 0.0526294 4.97704 
0.0418765 0.0526294 4.97704 
0.0418765 0.0526294 4.97704 
0.0418765 0.0526294 4.97704 
0.0418765 0.0526294 4.97704 
0.0418765 0.0526294 4.97704 
0.0418765 0.0526294 4.97704 
0.0418765 0.0526294 4.97704 
0.0418765 0.0526294 4.97704 
0.0418765 0.0526294 4.97704 
0.0418765 0.0526294 4.97704 
0.0418765 0.0526294 4.97704 
0.0418765 0.0526294 4.97704 
0.0418765 0.0526294 4.97704 
0.0418765 0.0526294 4.97704 
0.0418765 0.0526294 4.97704 
0.0418765 0.0526294 4.97704 
0.0418765 0.0526294 4.97704 
0.0418765 0.0526294 4.97704 
0.0418765 0.0526294 4.97704 
0.0418765 0.0526294 4.97704 
0.0418765 0.0526294 4.97704 
0.0418765 0.0526294 4.97704 
0.0418765 0.0526294 4.97704 
0.0418765 0.0526294 4.97704 
0.0418765 0.0526294 4.97704 
0.0418765 0.0526294 4.97704 
0.0418765 0.0526294 4.97704 
0.0388825 0.0248107 4.96213 
0.0358884 -0.003008 4.94723 
0.0328944 -0.0308267 4.93232 
0.0299004 -0.0586454 4.91741 
0.0269063 -0.0864641 4.9025 
0.0239123 -0.114283 4.8876 
0.0209183 -0.142102 4.87269 
0.0179242 -0.16992 4.85778 
0.0149302 -0.197739 4.84287 
0.0119362 -0.225558 4.82797 
0.00894214 -0.253376 4.81306 
0.0059481 -0.281195 4.79815 
0.00295407 -0.309014 4.78324 
-3.99612e-05 -0.336832 4.76834 
-0.00303399 -0.364651 4.75343 
-0.00602803 -0.39247 4.73852 
-0.00902206 -0.420289 4.72361 
-0.0120161 -0.448107 4.70871 
-0.0150101 -0.475926 4.6938 
-0.0180042 -0.503745 4.67889 
-0.0209982 -0.531563 4.66398 
-0.0239922 -0.559382 4.64908 
-0.0269863 -0.587201 4.63417 
-0.0299803 -0.615019 4.61926 
-0.0329743 -0.642838 4.60436 
-0.0359684 -0.670657 4.58945 
-0.0389624 -0.698476 4.57454 
-0.0419564 -0.726294 4.55963 
-0.0449505 -0.754113 4.54473 
-0.0479445 -0.781932 4.52982 
-0.0509385 -0.80975 4.51491 
-0.0539326 -0.837569 4.5 
-0.0569266 -0.865388 4.4851 
-0.0599206 -0.893206 4.47019 
-0.0629147 -0.921025 4.45528 
-0.0659087 -0.948844 4.44037 
-0.0689027 -0.976663 4.42547 
-0.0718968 -1.00448 4.41056 
-0.0748908 -1.0323 4.39565 
-0.0778848 -1.06012 4.38074 
-0.0808789 -1.08794 4.36584 
-0.0838729 -1.11576 4.35093 
-0.0868669 -1.14357 4.33602 
-0.0898609 -1.17139 4.32112 
-0.092855 -1.19921 4.30621 
-0.095849 -1.22703 4.2913 
-0.098843 -1.25485 4.27639 
-0.101837 -1.28267 4.26149 
-0.104831 -1.31049 4.24658 
-0.107825 -1.33831 4.23167 
-0.110819 -1.36612 4.21676 
-0.113813 -1.39394 4.20186 
-0.116807 -1.42176 4.18695 
-0.119801 -1.44958 4.17204 
-0.122795 -1.4774 4.15713 
-0.125789 -1.50522 4.14223 
-0.128783 -1.53304 4.12732 
-0.131777 -1.56086 4.11241 
-0.134771 -1.58867 4.0975 
-0.137765 -1.61649 4.0826 
