Type: Rigid3d
Number of frame: 97
Number of effector: 1
KeyFrames: 0 33 96
0 0 0 0 0 0 1 
0.0757576 0 0 0 -0.0216143 0 0.999766 
0.151515 0 0 0 -0.043588 0 0.99905 
0.227273 0 0 0 -0.0658974 0 0.997826 
0.30303 0 0 0 -0.088516 0 0.996075 
0.378788 0 0 0 -0.111415 0 0.993774 
0.454545 0 0 0 -0.134561 0 0.990905 
0.530303 0 0 0 -0.157922 0 0.987452 
0.606061 0 0 0 -0.181458 0 0.983399 
0.681818 0 0 0 -0.205132 0 0.978734 
0.757576 0 0 0 -0.228902 0 0.973449 
0.833333 0 0 0 -0.252725 0 0.967538 
0.909091 0 0 0 -0.276556 0 0.960998 
0.984848 0 0 0 -0.300351 0 0.953829 
1.06061 0 0 0 -0.324064 0 0.946035 
1.13636 0 0 0 -0.347648 0 0.937625 
1.21212 0 0 0 -0.371058 0 0.92861 
1.28788 0 0 0 -0.394249 0 0.919004 
1.36364 0 0 0 -0.417177 0 0.908825 
1.43939 0 0 0 -0.439801 0 0.898095 
1.51515 0 0 0 -0.462079 0 0.886839 
1.59091 0 0 0 -0.483973 0 0.875083 
1.66667 0 0 0 -0.50545 0 0.862856 
1.74242 0 0 0 -0.526475 0 0.850191 
1.81818 0 0 0 -0.547019 0 0.83712 
1.89394 0 0 0 -0.567057 0 0.823678 
1.9697 0 0 0 -0.586566 0 0.809901 
2.04545 0 0 0 -0.605527 0 0.795825 
2.12121 0 0 0 -0.623922 0 0.781486 
2.19697 0 0 0 -0.641741 0 0.766921 
2.27273 0 0 0 -0.658973 0 0.752166 
2.34848 0 0 0 -0.675613 0 0.737256 
2.42424 0 0 0 -0.691658 0 0.722225 
2.5 0 0 0 -0.707107 0 0.707107 
2.5873 0 0 -0.0113126 -0.701383 0 0.712695 
2.6746 0 0 -0.022801 -0.695431 0 0.718232 
2.7619 0 0 -0.0344623 -0.689246 0 0.723708 
2.84921 0 0 -0.0462931 -0.682823 0 0.729116 
2.93651 0 0 -0.0582895 -0.676158 0 0.734447 
3.02381 0 0 -0.070447 -0.669246 0 0.739693 
3.11111 0 0 -0.0827606 -0.662085 0 0.744845 
3.19841 0 0 -0.0952246 -0.654669 0 0.749894 
3.28571 0 0 -0.107833 -0.646997 0 0.754829 
3.37302 0 0 -0.120578 -0.639065 0 0.759643 
3.46032 0 0 -0.133454 -0.630871 0 0.764325 
3.54762 0 0 -0.14645 -0.622414 0 0.768865 
3.63492 0 0 -0.15956 -0.613693 0 0.773254 
3.72222 0 0 -0.172774 -0.604708 0 0.777482 
3.80952 0 0 -0.186081 -0.595458 0 0.781539 
3.89683 0 0 -0.199471 -0.585946 0 0.785417 
3.98413 0 0 -0.212933 -0.576172 0 0.789105 
4.07143 0 0 -0.226455 -0.566138 0 0.792594 
4.15873 0 0 -0.240026 -0.55585 0 0.795876 
4.24603 0 0 -0.253632 -0.545309 0 0.798942 
4.33333 0 0 -0.267261 -0.534522 0 0.801784 
4.42063 0 0 -0.280899 -0.523494 0 0.804394 
4.50794 0 0 -0.294533 -0.512231 0 0.806765 
4.59524 0 0 -0.308149 -0.500741 0 0.80889 
4.68254 0 0 -0.321731 -0.489032 0 0.810763 
4.76984 0 0 -0.335268 -0.477112 0 0.812379 
4.85714 0 0 -0.348743 -0.46499 0 0.813733 
4.94444 0 0 -0.362143 -0.452679 0 0.814822 
5.03175 0 0 -0.375454 -0.440187 0 0.815641 
5.11905 0 0 -0.388661 -0.427527 0 0.816188 
5.20635 0 0 -0.401751 -0.414711 0 0.816462 
5.29365 0 0 -0.414711 -0.401751 0 0.816462 
5.38095 0 0 -0.427527 -0.388661 0 0.816188 
5.46825 0 0 -0.440187 -0.375454 0 0.815641 
5.55556 0 0 -0.452679 -0.362143 0 0.814822 
5.64286 0 0 -0.464991 -0.348743 0 0.813733 
5.73016 0 0 -0.477112 -0.335268 0 0.812379 
5.81746 0 0 -0.489032 -0.321731 0 0.810763 
5.90476 0 0 -0.500741 -0.308148 0 0.80889 
5.99206 0 0 -0.512232 -0.294533 0 0.806765 
6.07937 0 0 -0.523494 -0.280899 0 0.804394 
6.16667 0 0 -0.534523 -0.267261 0 0.801784 
6.25397 0 0 -0.54531 -0.253632 0 0.798942 
6.34127 0 0 -0.55585 -0.240026 0 0.795876 
6.42857 0 0 -0.566139 -0.226455 0 0.792594 
6.51587 0 0 -0.576172 -0.212933 0 0.789104 
6.60317 0 0 -0.585946 -0.199471 0 0.785416 
6.69048 0 0 -0.595458 -0.186081 0 0.781539 
6.77778 0 0 -0.604708 -0.172774 0 0.777482 
6.86508 0 0 -0.613693 -0.15956 0 0.773254 
6.95238 0 0 -0.622414 -0.14645 0 0.768865 
7.03968 0 0 -0.630871 -0.133453 0 0.764324 
7.12698 0 0 -0.639065 -0.120578 0 0.759643 
7.21429 0 0 -0.646997 -0.107833 0 0.754829 
7.30159 0 0 -0.654669 -0.0952246 0 0.749894 
7.38889 0 0 -0.662085 -0.0827606 0 0.744845 
7.47619 0 0 -0.669246 -0.070447 0 0.739693 
7.56349 0 0 -0.676158 -0.0582895 0 0.734447 
7.65079 0 0 -0.682823 -0.0462931 0 0.729116 
7.7381 0 0 -0.689246 -0.0344623 0 0.723708 
7.8254 0 0 -0.695431 -0.022801 0 0.718232 
7.9127 0 0 -0.701383 -0.0113126 0 0.712695 
8 0 0 -0.707107 0 0 0.707107 
